#	Temperatur 1 (°C)	Temperatur 2 (°C)	Temperatur 3 (°C)	Temperatur 4 (°C)	Temperatur 5 (°C)	Temperatur 6 (°C)	Temperatur 7 (°C)	Temperatur 8 (°C)
1	27.69	29.04	29.74	28.06	28.49	29.30	29.15	26.22
2	27.69	29.09	29.80	28.06	28.49	29.50	29.18	26.23
3	27.70	29.35	30.14	28.08	28.54	30.37	29.19	26.24
4	27.71	29.91	30.83	28.10	28.71	31.67	29.23	26.25
5	27.75	30.67	31.74	28.15	29.02	33.10	29.33	26.24
6	27.82	31.55	32.79	28.25	29.46	34.51	29.50	26.26
7	27.93	32.46	33.88	28.40	30.00	35.87	29.74	26.26
8	28.08	33.38	34.97	28.59	30.60	37.15	30.07	26.27
9	28.28	34.28	36.02	28.84	31.24	38.34	30.46	26.28
10	28.51	35.16	37.05	29.14	31.92	39.45	30.92	26.29
11	28.78	36.01	38.02	29.46	32.62	40.47	31.41	26.30
12	29.07	36.81	38.94	29.80	33.32	41.43	31.93	26.31
13	29.39	37.57	39.80	30.18	34.03	42.33	32.49	26.33
14	29.71	38.30	40.61	30.57	34.73	43.18	33.05	26.34
15	30.05	39.00	41.38	30.97	35.43	43.97	33.64	26.36
16	30.40	39.65	42.09	31.37	36.12	44.73	34.22	26.37
17	30.75	40.27	42.77	31.79	36.81	45.44	34.80	26.39
18	31.11	40.87	43.41	32.20	37.48	46.12	35.39	26.42
19	31.48	41.44	44.01	32.61	38.14	46.77	35.97	26.45
20	31.84	41.97	44.57	33.03	38.79	47.39	36.54	26.47
21	32.21	42.48	45.11	33.44	39.43	47.98	37.09	26.50
22	32.57	42.97	45.62	33.84	40.05	48.55	37.64	26.54
23	32.93	43.44	46.09	34.24	40.66	49.11	38.18	26.58
24	33.30	43.89	46.55	34.65	41.26	49.62	38.70	26.62
25	33.66	44.31	46.97	35.04	41.84	50.13	39.21	26.67
26	34.01	44.73	47.38	35.42	42.41	50.62	39.70	26.72
27	34.36	45.12	47.77	35.81	42.96	51.09	40.19	26.78
28	34.72	45.50	48.14	36.19	43.50	51.55	40.65	26.84
29	35.06	45.86	48.49	36.56	44.03	51.98	41.11	26.90
30	35.41	46.21	48.83	36.92	44.55	52.41	41.55	26.97
31	35.75	46.55	49.15	37.28	45.05	52.82	41.97	27.04
32	36.08	46.88	49.46	37.63	45.54	53.22	42.38	27.11
33	36.42	47.20	49.75	37.98	46.01	53.60	42.78	27.20
34	36.75	47.51	50.03	38.32	46.48	53.98	43.17	27.27
35	37.07	47.81	50.31	38.65	46.93	54.34	43.54	27.36
36	37.39	48.10	50.57	38.97	47.37	54.70	43.90	27.45
37	37.70	48.38	50.82	39.30	47.81	55.04	44.25	27.54
38	38.02	48.65	51.07	39.61	48.23	55.38	44.59	27.63
39	38.33	48.92	51.31	39.92	48.63	55.69	44.92	27.73
40	38.63	49.18	51.54	40.23	49.03	56.00	45.23	27.82
41	38.93	49.43	51.77	40.53	49.41	56.31	45.55	27.93
42	39.22	49.68	51.98	40.81	49.79	56.61	45.84	28.03
43	39.51	49.92	52.19	41.11	50.16	56.89	46.14	28.13
44	39.80	50.15	52.39	41.39	50.51	57.17	46.41	28.24
45	40.09	50.38	52.59	41.66	50.86	57.44	46.68	28.35
46	40.37	50.60	52.78	41.93	51.20	57.70	46.95	28.46
47	40.64	50.82	52.96	42.19	51.54	57.96	47.20	28.57
48	40.91	51.04	53.14	42.45	51.86	58.21	47.44	28.69
49	41.18	51.25	53.31	42.70	52.17	58.45	47.68	28.80
50	41.44	51.45	53.48	42.96	52.48	58.69	47.92	28.91
51	41.71	51.66	53.64	43.20	52.78	58.92	48.14	29.03
52	41.97	51.82	53.76	43.44	53.07	58.98	48.36	29.15
53	42.22	51.78	53.62	43.68	53.32	58.44	48.56	29.26
54	42.46	51.48	53.17	43.90	53.47	57.52	48.75	29.38
55	42.68	50.98	52.50	44.09	53.47	56.43	48.87	29.50
56	42.87	50.38	51.72	44.23	53.35	55.34	48.93	29.61
57	43.01	49.74	50.89	44.32	53.13	54.29	48.89	29.73
58	43.10	49.08	50.06	44.36	52.84	53.31	48.79	29.84
59	43.16	48.44	49.26	44.36	52.50	52.40	48.62	29.96
60	43.17	47.82	48.48	44.31	52.13	51.57	48.40	30.08
61	43.16	47.22	47.76	44.23	51.74	50.80	48.13	30.19
62	43.12	46.66	47.08	44.13	51.32	50.09	47.82	30.30
63	43.06	46.14	46.44	44.00	50.91	49.42	47.49	30.42
64	42.98	45.64	45.85	43.86	50.48	48.81	47.14	30.53
65	42.88	45.18	45.29	43.70	50.06	48.25	46.78	30.64
66	42.78	44.75	44.78	43.53	49.64	47.71	46.41	30.75
67	42.67	44.34	44.30	43.36	49.21	47.21	46.02	30.86
68	42.56	43.96	43.86	43.18	48.80	46.74	45.65	30.96
69	42.44	43.60	43.44	43.00	48.39	46.29	45.27	31.06
70	42.31	43.27	43.06	42.81	47.98	45.87	44.90	31.16
71	42.18	42.96	42.70	42.62	47.59	45.47	44.54	31.25
72	42.05	42.67	42.37	42.45	47.20	45.09	44.18	31.34
73	41.92	42.39	42.05	42.26	46.82	44.73	43.83	31.42
74	41.79	42.13	41.77	42.08	46.45	44.38	43.48	31.50
75	41.66	41.89	41.50	41.90	46.09	44.05	43.16	31.58
76	41.52	41.67	41.24	41.72	45.74	43.74	42.83	31.65
77	41.39	41.45	41.00	41.54	45.40	43.44	42.53	31.72
78	41.26	41.25	40.79	41.37	45.06	43.15	42.23	31.79
79	41.13	41.05	40.57	41.19	44.74	42.88	41.95	31.85
80	41.00	40.87	40.38	41.03	44.42	42.61	41.67	31.91
81	40.87	40.70	40.20	40.87	44.11	42.36	41.40	31.95
82	40.75	40.54	40.02	40.71	43.81	42.11	41.15	32.00
83	40.62	40.39	39.86	40.55	43.53	41.88	40.90	32.05
84	40.50	40.25	39.71	40.40	43.25	41.66	40.67	32.09
85	40.38	40.11	39.57	40.25	42.97	41.44	40.44	32.13
86	40.26	39.97	39.43	40.11	42.71	41.22	40.23	32.16
87	40.14	39.85	39.30	39.96	42.46	41.03	40.02	32.19
88	40.03	39.73	39.18	39.82	42.21	40.84	39.82	32.22
89	39.91	39.62	39.07	39.68	41.97	40.65	39.63	32.25
90	39.80	39.51	38.96	39.55	41.74	40.47	39.45	32.27
91	39.69	39.40	38.86	39.41	41.51	40.30	39.27	32.29
92	39.58	39.30	38.76	39.29	41.29	40.14	39.11	32.31
93	39.48	39.21	38.66	39.17	41.08	39.98	38.95	32.32
94	39.38	39.12	38.58	39.05	40.88	39.83	38.80	32.34
95	39.27	39.03	38.50	38.92	40.68	39.68	38.66	32.35
96	39.17	38.94	38.42	38.81	40.49	39.54	38.51	32.36
97	39.08	38.87	38.34	38.70	40.31	39.40	38.38	32.36
98	38.98	38.79	38.27	38.59	40.13	39.27	38.25	32.37
99	38.89	38.71	38.20	38.48	39.96	39.15	38.13	32.38
100	38.79	38.65	38.14	38.38	39.79	39.03	38.01	32.38
101	38.70	38.58	38.08	38.28	39.63	38.91	37.90	32.38
102	38.62	38.54	38.06	38.18	39.48	38.96	37.80	32.38
103	38.53	38.72	38.31	38.09	39.36	39.67	37.69	32.38
104	38.46	39.19	38.90	38.00	39.36	40.82	37.62	32.38
105	38.40	39.87	39.75	37.95	39.51	42.13	37.60	32.37
106	38.38	40.67	40.72	37.94	39.80	43.46	37.67	32.37
107	38.40	41.52	41.74	37.99	40.19	44.72	37.81	32.36
108	38.48	42.38	42.76	38.09	40.65	45.90	38.03	32.36
109	38.59	43.22	43.76	38.24	41.17	46.99	38.33	32.36
110	38.75	44.04	44.72	38.44	41.71	48.00	38.69	32.35
111	38.93	44.82	45.63	38.66	42.28	48.94	39.09	32.34
112	39.14	45.56	46.48	38.93	42.85	49.82	39.53	32.34
113	39.38	46.26	47.28	39.21	43.44	50.64	39.99	32.33
114	39.63	46.93	48.04	39.51	44.03	51.39	40.47	32.34
115	39.89	47.57	48.75	39.82	44.62	52.10	40.97	32.33
116	40.17	48.17	49.41	40.14	45.20	52.77	41.48	32.33
117	40.45	48.74	50.03	40.47	45.78	53.42	41.99	32.33
118	40.74	49.28	50.61	40.80	46.35	54.02	42.51	32.34
119	41.03	49.79	51.16	41.13	46.91	54.60	43.02	32.35
120	41.33	50.27	51.67	41.46	47.46	55.15	43.52	32.36
121	41.63	50.74	52.16	41.79	48.00	55.66	44.02	32.37
122	41.92	51.18	52.61	42.12	48.54	56.17	44.50	32.39
123	42.22	51.60	53.04	42.45	49.06	56.64	44.97	32.41
124	42.51	52.00	53.44	42.77	49.57	57.11	45.44	32.43
125	42.81	52.38	53.82	43.09	50.07	57.56	45.90	32.46
126	43.10	52.75	54.19	43.41	50.55	57.98	46.34	32.49
127	43.39	53.10	54.53	43.72	51.03	58.39	46.77	32.53
128	43.68	53.43	54.86	44.03	51.50	58.79	47.18	32.57
129	43.97	53.75	55.17	44.33	51.95	59.18	47.58	32.61
130	44.25	54.06	55.46	44.62	52.39	59.54	47.97	32.66
131	44.53	54.36	55.74	44.91	52.82	59.90	48.35	32.71
132	44.81	54.65	56.00	45.20	53.24	60.25	48.71	32.76
133	45.08	54.92	56.27	45.48	53.65	60.58	49.07	32.82
134	45.35	55.18	56.51	45.77	54.04	60.90	49.41	32.88
135	45.62	55.44	56.74	46.03	54.43	61.22	49.74	32.95
136	45.88	55.69	56.96	46.30	54.80	61.52	50.06	33.02
137	46.14	55.94	57.18	46.56	55.17	61.81	50.37	33.09
138	46.40	56.16	57.39	46.82	55.53	62.09	50.67	33.16
139	46.65	56.39	57.58	47.07	55.88	62.37	50.96	33.24
140	46.90	56.61	57.77	47.31	56.22	62.64	51.24	33.33
141	47.15	56.82	57.96	47.56	56.55	62.89	51.51	33.40
142	47.40	57.03	58.13	47.80	56.87	63.15	51.77	33.49
143	47.63	57.23	58.31	48.03	57.18	63.39	52.02	33.57
144	47.87	57.43	58.47	48.26	57.48	63.63	52.27	33.66
145	48.11	57.62	58.63	48.49	57.77	63.85	52.50	33.75
146	48.34	57.81	58.78	48.71	58.07	64.08	52.73	33.84
147	48.57	57.99	58.93	48.92	58.35	64.29	52.95	33.93
148	48.79	58.17	59.08	49.13	58.62	64.50	53.16	34.03
149	49.01	58.34	59.22	49.33	58.89	64.71	53.37	34.12
150	49.23	58.52	59.35	49.53	59.15	64.91	53.57	34.22
151	49.44	58.68	59.48	49.74	59.40	65.10	53.76	34.32
152	49.65	58.83	59.57	49.92	59.64	65.17	53.94	34.41
153	49.87	58.78	59.44	50.12	59.85	64.67	54.12	34.50
154	50.06	58.46	58.99	50.30	59.97	63.74	54.27	34.60
155	50.24	57.95	58.32	50.46	59.94	62.64	54.37	34.70
156	50.39	57.32	57.52	50.58	59.80	61.50	54.40	34.80
157	50.49	56.64	56.67	50.63	59.55	60.42	54.35	34.90
158	50.54	55.95	55.82	50.63	59.24	59.40	54.23	35.00
159	50.55	55.27	54.98	50.59	58.86	58.45	54.04	35.09
160	50.53	54.60	54.18	50.51	58.45	57.58	53.79	35.19
161	50.47	53.97	53.42	50.39	58.03	56.77	53.51	35.29
162	50.39	53.37	52.71	50.25	57.58	56.02	53.17	35.39
163	50.29	52.80	52.03	50.09	57.13	55.33	52.82	35.49
164	50.18	52.27	51.41	49.91	56.67	54.68	52.45	35.58
165	50.04	51.77	50.82	49.71	56.21	54.07	52.06	35.67
166	49.90	51.30	50.28	49.51	55.76	53.51	51.66	35.76
167	49.75	50.86	49.77	49.30	55.30	52.97	51.26	35.85
168	49.59	50.44	49.29	49.08	54.85	52.47	50.86	35.93
169	49.43	50.05	48.85	48.86	54.41	51.99	50.45	36.02
170	49.26	49.69	48.43	48.64	53.97	51.54	50.06	36.10
171	49.10	49.34	48.05	48.42	53.55	51.12	49.67	36.17
172	48.93	49.02	47.69	48.20	53.13	50.71	49.28	36.25
173	48.76	48.71	47.35	47.99	52.72	50.32	48.92	36.32
174	48.59	48.42	47.03	47.76	52.32	49.95	48.55	36.38
175	48.42	48.15	46.74	47.55	51.92	49.60	48.20	36.45
176	48.25	47.89	46.46	47.34	51.54	49.26	47.86	36.51
177	48.08	47.65	46.20	47.13	51.16	48.93	47.53	36.55
178	47.91	47.42	45.95	46.92	50.80	48.62	47.21	36.61
179	47.73	47.20	45.72	46.72	50.43	48.32	46.90	36.65
180	47.56	46.98	45.50	46.52	50.08	48.03	46.61	36.70
181	47.40	46.78	45.29	46.32	49.75	47.75	46.32	36.73
182	47.24	46.60	45.09	46.13	49.42	47.49	46.04	36.76
183	47.08	46.41	44.91	45.94	49.11	47.23	45.78	36.79
184	46.92	46.24	44.73	45.76	48.80	46.97	45.52	36.82
185	46.77	46.07	44.56	45.57	48.50	46.74	45.28	36.84
186	46.61	45.92	44.40	45.40	48.21	46.51	45.04	36.86
187	46.46	45.77	44.25	45.23	47.93	46.28	44.82	36.88
188	46.31	45.62	44.11	45.06	47.65	46.07	44.60	36.90
189	46.16	45.48	43.97	44.89	47.39	45.86	44.39	36.90
190	46.02	45.34	43.84	44.73	47.13	45.66	44.19	36.91
191	45.88	45.21	43.72	44.57	46.88	45.46	43.99	36.92
192	45.74	45.09	43.60	44.42	46.63	45.28	43.81	36.92
193	45.60	44.96	43.49	44.27	46.40	45.10	43.63	36.92
194	45.46	44.85	43.38	44.12	46.17	44.92	43.46	36.92
195	45.33	44.74	43.27	43.97	45.95	44.76	43.30	36.92
196	45.20	44.63	43.17	43.83	45.73	44.59	43.14	36.91
197	45.07	44.52	43.08	43.69	45.52	44.43	42.99	36.90
198	44.95	44.41	42.98	43.56	45.32	44.28	42.84	36.90
199	44.82	44.32	42.89	43.43	45.12	44.14	42.70	36.89
200	44.70	44.22	42.81	43.30	44.94	44.00	42.57	36.88
201	44.58	44.13	42.73	43.17	44.75	43.86	42.44	36.86
202	44.46	44.05	42.67	43.04	44.57	43.86	42.31	36.84
203	44.34	44.20	42.89	42.92	44.42	44.52	42.20	36.83
204	44.23	44.63	43.46	42.82	44.39	45.64	42.10	36.81
205	44.15	45.28	44.27	42.74	44.52	46.93	42.07	36.80
206	44.10	46.05	45.23	42.71	44.78	48.22	42.11	36.78
207	44.09	46.87	46.22	42.74	45.14	49.46	42.24	36.76
208	44.14	47.71	47.23	42.81	45.58	50.62	42.44	36.75
209	44.22	48.53	48.21	42.94	46.06	51.71	42.72	36.73
210	44.35	49.33	49.16	43.12	46.59	52.70	43.06	36.71
211	44.50	50.09	50.05	43.33	47.12	53.62	43.44	36.70
212	44.69	50.80	50.88	43.56	47.68	54.48	43.86	36.67
213	44.89	51.49	51.68	43.82	48.25	55.27	44.30	36.66
214	45.12	52.14	52.41	44.10	48.81	56.02	44.78	36.65
215	45.35	52.75	53.11	44.39	49.37	56.71	45.26	36.63
216	45.61	53.33	53.75	44.69	49.94	57.37	45.75	36.62
217	45.86	53.88	54.36	45.00	50.49	57.98	46.25	36.61
218	46.12	54.40	54.93	45.31	51.04	58.57	46.75	36.60
219	46.39	54.88	55.45	45.62	51.57	59.12	47.25	36.60
220	46.66	55.34	55.95	45.94	52.10	59.65	47.73	36.59
221	46.93	55.78	56.41	46.25	52.63	60.15	48.21	36.60
222	47.20	56.20	56.85	46.56	53.14	60.62	48.68	36.60
223	47.47	56.59	57.26	46.87	53.63	61.09	49.14	36.61
224	47.74	56.97	57.65	47.17	54.12	61.53	49.59	36.62
225	48.01	57.33	58.01	47.48	54.60	61.95	50.03	36.64
226	48.28	57.67	58.36	47.77	55.06	62.36	50.46	36.66
227	48.54	57.99	58.68	48.07	55.51	62.75	50.87	36.69
228	48.81	58.31	58.99	48.36	55.95	63.12	51.28	36.71
229	49.07	58.60	59.28	48.64	56.38	63.49	51.67	36.75
230	49.33	58.89	59.56	48.92	56.81	63.83	52.04	36.78
231	49.58	59.17	59.82	49.20	57.22	64.17	52.40	36.82
232	49.84	59.43	60.06	49.46	57.61	64.50	52.75	36.86
233	50.09	59.69	60.31	49.72	58.00	64.81	53.09	36.91
234	50.33	59.93	60.53	49.99	58.38	65.12	53.42	36.97
235	50.58	60.17	60.74	50.23	58.74	65.41	53.74	37.02
236	50.82	60.40	60.94	50.48	59.10	65.69	54.04	37.08
237	51.06	60.62	61.13	50.72	59.45	65.97	54.34	37.14
238	51.30	60.83	61.32	50.95	59.79	66.23	54.63	37.20
239	51.53	61.04	61.49	51.18	60.12	66.49	54.90	37.27
240	51.76	61.24	61.67	51.41	60.44	66.74	55.17	37.33
241	51.98	61.43	61.83	51.62	60.75	66.98	55.43	37.41
242	52.20	61.62	61.99	51.84	61.05	67.22	55.67	37.48
243	52.42	61.80	62.14	52.04	61.35	67.45	55.91	37.56
244	52.64	61.98	62.29	52.26	61.63	67.67	56.14	37.63
245	52.85	62.15	62.43	52.46	61.91	67.88	56.37	37.72
246	53.06	62.32	62.57	52.67	62.19	68.09	56.58	37.80
247	53.27	62.49	62.71	52.86	62.44	68.29	56.79	37.88
248	53.48	62.64	62.84	53.05	62.70	68.48	56.99	37.96
249	53.67	62.80	62.97	53.24	62.95	68.67	57.19	38.05
250	53.87	62.95	63.09	53.43	63.19	68.86	57.38	38.13
251	54.06	63.10	63.21	53.61	63.43	69.04	57.56	38.22
252	54.25	63.22	63.30	53.78	63.66	69.08	57.74	38.31
253	54.44	63.15	63.13	53.95	63.85	68.55	57.90	38.39
254	54.62	62.81	62.66	54.10	63.94	67.60	58.04	38.49
255	54.78	62.27	61.96	54.24	63.90	66.48	58.13	38.57
256	54.90	61.62	61.15	54.33	63.74	65.35	58.15	38.66
257	54.97	60.92	60.29	54.36	63.47	64.26	58.09	38.75
258	55.01	60.21	59.42	54.35	63.14	63.22	57.96	38.84
259	55.00	59.51	58.58	54.29	62.75	62.27	57.75	38.93
260	54.96	58.84	57.77	54.19	62.33	61.38	57.50	39.02
261	54.89	58.19	57.00	54.06	61.89	60.55	57.20	39.11
262	54.78	57.57	56.28	53.90	61.44	59.79	56.86	39.20
263	54.66	56.99	55.60	53.72	60.96	59.08	56.49	39.29
264	54.52	56.44	54.96	53.53	60.50	58.42	56.11	39.37
265	54.37	55.92	54.37	53.31	60.02	57.80	55.71	39.45
266	54.21	55.44	53.81	53.09	59.55	57.22	55.30	39.54
267	54.03	54.98	53.29	52.87	59.09	56.68	54.89	39.61
268	53.85	54.55	52.81	52.64	58.62	56.17	54.47	39.69
269	53.67	54.14	52.36	52.40	58.17	55.68	54.07	39.77
270	53.50	53.76	51.93	52.17	57.72	55.22	53.66	39.84
271	53.31	53.40	51.54	51.94	57.28	54.78	53.27	39.90
272	53.12	53.06	51.16	51.70	56.85	54.36	52.87	39.98
273	52.93	52.74	50.82	51.47	56.43	53.96	52.50	40.03
274	52.74	52.44	50.49	51.24	56.01	53.58	52.12	40.09
275	52.55	52.15	50.18	51.02	55.60	53.21	51.76	40.14
276	52.37	51.88	49.90	50.79	55.21	52.87	51.41	40.19
277	52.19	51.62	49.63	50.57	54.82	52.52	51.07	40.23
278	52.00	51.37	49.36	50.35	54.45	52.20	50.74	40.27
279	51.82	51.14	49.13	50.14	54.08	51.89	50.43	40.31
280	51.64	50.92	48.90	49.93	53.73	51.59	50.12	40.34
281	51.46	50.70	48.68	49.72	53.38	51.30	49.83	40.37
282	51.28	50.50	48.48	49.51	53.04	51.02	49.55	40.39
283	51.10	50.30	48.28	49.32	52.72	50.76	49.27	40.41
284	50.94	50.12	48.10	49.12	52.40	50.50	49.01	40.43
285	50.76	49.94	47.93	48.93	52.08	50.25	48.75	40.44
286	50.59	49.77	47.76	48.74	51.78	50.01	48.51	40.45
287	50.43	49.61	47.60	48.56	51.49	49.78	48.28	40.46
288	50.26	49.45	47.45	48.38	51.21	49.55	48.05	40.46
289	50.10	49.29	47.30	48.21	50.93	49.34	47.84	40.47
290	49.94	49.15	47.16	48.03	50.66	49.13	47.63	40.47
291	49.79	49.00	47.02	47.86	50.40	48.92	47.43	40.46
292	49.63	48.86	46.90	47.69	50.15	48.73	47.24	40.46
293	49.48	48.73	46.78	47.53	49.90	48.53	47.05	40.45
294	49.33	48.60	46.66	47.38	49.66	48.35	46.87	40.44
295	49.18	48.48	46.54	47.22	49.43	48.17	46.70	40.43
296	49.04	48.35	46.44	47.07	49.20	48.00	46.53	40.41
297	48.89	48.24	46.33	46.92	48.99	47.83	46.38	40.40
298	48.75	48.13	46.23	46.77	48.78	47.67	46.22	40.39
299	48.62	48.01	46.13	46.63	48.57	47.52	46.07	40.36
300	48.48	47.91	46.03	46.49	48.37	47.37	45.94	40.34
301	48.35	47.80	45.94	46.36	48.18	47.22	45.80	40.32
302	48.22	47.71	45.88	46.23	47.99	47.19	45.67	40.30
303	48.08	47.83	46.07	46.10	47.83	47.79	45.54	40.28
304	47.97	48.23	46.61	45.98	47.78	48.88	45.45	40.25
305	47.86	48.86	47.41	45.90	47.88	50.15	45.40	40.23
306	47.80	49.61	48.34	45.86	48.12	51.43	45.43	40.20
307	47.78	50.42	49.34	45.87	48.46	52.66	45.54	40.18
308	47.81	51.24	50.33	45.93	48.88	53.81	45.73	40.15
309	47.88	52.04	51.30	46.05	49.35	54.88	45.99	40.12
310	47.99	52.83	52.23	46.21	49.87	55.87	46.32	40.10
311	48.14	53.57	53.11	46.41	50.39	56.78	46.69	40.07
312	48.31	54.29	53.94	46.64	50.93	57.63	47.10	40.04
313	48.50	54.96	54.72	46.89	51.48	58.41	47.54	40.02
314	48.71	55.60	55.45	47.15	52.04	59.15	48.01	40.00
315	48.94	56.20	56.13	47.44	52.60	59.84	48.48	39.98
316	49.18	56.77	56.77	47.72	53.14	60.48	48.96	39.95
317	49.42	57.31	57.36	48.02	53.69	61.09	49.45	39.94
318	49.67	57.82	57.92	48.33	54.22	61.66	49.95	39.92
319	49.93	58.30	58.45	48.63	54.75	62.21	50.43	39.91
320	50.19	58.75	58.94	48.93	55.27	62.73	50.91	39.90
321	50.45	59.18	59.39	49.23	55.78	63.22	51.39	39.89
322	50.71	59.58	59.82	49.53	56.28	63.69	51.85	39.89
323	50.97	59.97	60.23	49.83	56.77	64.15	52.30	39.89
324	51.23	60.33	60.60	50.13	57.25	64.58	52.75	39.90
325	51.48	60.68	60.96	50.42	57.71	65.00	53.17	39.90
326	51.74	61.02	61.30	50.71	58.17	65.39	53.59	39.92
327	52.00	61.33	61.61	50.99	58.61	65.78	54.00	39.93
328	52.24	61.63	61.91	51.27	59.04	66.14	54.39	39.95
329	52.49	61.93	62.19	51.54	59.46	66.50	54.77	39.97
330	52.74	62.21	62.46	51.81	59.87	66.84	55.15	40.01
331	52.98	62.47	62.71	52.08	60.27	67.17	55.50	40.04
332	53.23	62.73	62.95	52.34	60.66	67.49	55.85	40.07
333	53.47	62.97	63.18	52.60	61.03	67.79	56.18	40.11
334	53.71	63.21	63.40	52.85	61.40	68.09	56.50	40.15
335	53.94	63.44	63.60	53.08	61.75	68.37	56.81	40.20
336	54.17	63.66	63.80	53.32	62.10	68.65	57.11	40.25
337	54.41	63.87	63.99	53.56	62.44	68.91	57.40	40.30
338	54.63	64.07	64.17	53.79	62.77	69.17	57.67	40.35
339	54.85	64.27	64.35	54.01	63.09	69.42	57.94	40.41
340	55.07	64.46	64.52	54.24	63.41	69.66	58.20	40.47
341	55.29	64.64	64.68	54.46	63.71	69.90	58.45	40.53
342	55.50	64.82	64.84	54.67	64.00	70.13	58.69	40.60
343	55.71	64.99	64.99	54.88	64.29	70.35	58.92	40.67
344	55.91	65.16	65.14	55.08	64.56	70.56	59.16	40.74
345	56.12	65.32	65.28	55.28	64.84	70.76	59.37	40.81
346	56.31	65.48	65.42	55.47	65.10	70.96	59.58	40.89
347	56.51	65.63	65.55	55.65	65.35	71.16	59.78	40.96
348	56.71	65.78	65.68	55.85	65.60	71.35	59.98	41.04
349	56.90	65.93	65.80	56.03	65.83	71.52	60.17	41.11
350	57.09	66.07	65.92	56.21	66.07	71.70	60.35	41.19
351	57.27	66.21	66.04	56.39	66.30	71.87	60.53	41.27
352	57.45	66.32	66.11	56.56	66.52	71.91	60.70	41.35
353	57.63	66.23	65.94	56.73	66.70	71.36	60.86	41.44
354	57.80	65.88	65.46	56.88	66.79	70.40	60.99	41.51
355	57.95	65.34	64.76	57.01	66.73	69.29	61.07	41.60
356	58.07	64.68	63.94	57.09	66.56	68.15	61.08	41.68
357	58.13	63.98	63.08	57.12	66.29	67.04	61.01	41.77
358	58.15	63.26	62.21	57.09	65.94	66.02	60.87	41.85
359	58.13	62.54	61.35	57.02	65.56	65.06	60.66	41.93
360	58.08	61.86	60.54	56.92	65.13	64.16	60.39	42.01
361	57.99	61.21	59.77	56.78	64.68	63.34	60.08	42.09
362	57.88	60.59	59.04	56.61	64.22	62.57	59.74	42.17
363	57.76	60.00	58.36	56.43	63.74	61.85	59.37	42.25
364	57.61	59.45	57.72	56.22	63.27	61.18	58.98	42.33
365	57.45	58.92	57.12	56.01	62.79	60.56	58.57	42.41
366	57.28	58.43	56.56	55.79	62.31	59.97	58.16	42.48
367	57.10	57.97	56.04	55.56	61.84	59.43	57.73	42.55
368	56.92	57.52	55.55	55.32	61.38	58.91	57.32	42.62
369	56.73	57.11	55.09	55.09	60.91	58.41	56.90	42.69
370	56.54	56.72	54.66	54.84	60.46	57.94	56.48	42.75
371	56.34	56.35	54.26	54.61	60.01	57.49	56.08	42.81
372	56.15	56.01	53.89	54.37	59.57	57.07	55.68	42.87
373	55.96	55.68	53.53	54.13	59.15	56.66	55.30	42.93
374	55.76	55.37	53.20	53.89	58.72	56.28	54.92	42.97
375	55.55	55.08	52.88	53.66	58.32	55.90	54.55	43.02
376	55.37	54.80	52.59	53.43	57.92	55.55	54.19	43.06
377	55.17	54.54	52.31	53.20	57.53	55.21	53.85	43.09
378	54.98	54.28	52.05	52.98	57.15	54.88	53.52	43.13
379	54.79	54.04	51.81	52.76	56.77	54.56	53.19	43.16
380	54.60	53.81	51.57	52.54	56.42	54.26	52.88	43.18
381	54.41	53.59	51.36	52.33	56.06	53.96	52.58	43.21
382	54.22	53.38	51.14	52.12	55.72	53.69	52.28	43.22
383	54.05	53.19	50.95	51.92	55.39	53.41	52.00	43.24
384	53.86	52.99	50.75	51.72	55.07	53.15	51.74	43.24
385	53.69	52.81	50.57	51.53	54.75	52.89	51.48	43.25
386	53.51	52.63	50.40	51.33	54.44	52.65	51.22	43.26
387	53.34	52.46	50.23	51.14	54.14	52.41	50.98	43.25
388	53.17	52.29	50.08	50.95	53.85	52.18	50.76	43.26
389	53.00	52.14	49.93	50.77	53.57	51.96	50.53	43.25
390	52.84	51.98	49.78	50.59	53.30	51.74	50.32	43.24
391	52.67	51.83	49.65	50.42	53.03	51.54	50.11	43.23
392	52.51	51.69	49.52	50.25	52.77	51.33	49.92	43.22
393	52.35	51.55	49.39	50.09	52.52	51.14	49.72	43.20
394	52.20	51.42	49.26	49.92	52.28	50.95	49.54	43.19
395	52.04	51.29	49.15	49.76	52.04	50.77	49.36	43.17
396	51.89	51.16	49.03	49.61	51.81	50.59	49.19	43.15
397	51.73	51.04	48.93	49.45	51.59	50.42	49.03	43.13
398	51.60	50.92	48.82	49.31	51.37	50.26	48.87	43.11
399	51.45	50.80	48.72	49.16	51.16	50.10	48.72	43.08
400	51.31	50.69	48.62	49.02	50.96	49.95	48.57	43.05
401	51.17	50.57	48.53	48.88	50.75	49.79	48.42	43.03
402	51.03	50.50	48.48	48.74	50.56	49.84	48.29	43.00
403	50.90	50.66	48.73	48.61	50.41	50.54	48.17	42.97
404	50.77	51.11	49.33	48.49	50.38	51.67	48.07	42.94
405	50.67	51.77	50.15	48.41	50.50	52.94	48.03	42.91
406	50.61	52.52	51.08	48.37	50.76	54.22	48.07	42.88
407	50.59	53.33	52.07	48.39	51.11	55.43	48.18	42.84
408	50.62	54.14	53.05	48.45	51.54	56.56	48.39	42.81
409	50.69	54.94	54.02	48.58	52.01	57.60	48.65	42.78
410	50.80	55.71	54.94	48.74	52.52	58.58	48.98	42.75
411	50.94	56.45	55.80	48.94	53.04	59.47	49.36	42.72
412	51.11	57.14	56.61	49.17	53.59	60.30	49.77	42.69
413	51.30	57.81	57.38	49.42	54.12	61.08	50.21	42.66
414	51.51	58.43	58.10	49.69	54.68	61.80	50.67	42.62
415	51.73	59.02	58.77	49.97	55.22	62.47	51.15	42.60
416	51.95	59.58	59.39	50.25	55.76	63.11	51.63	42.57
417	52.19	60.10	59.98	50.54	56.30	63.70	52.12	42.55
418	52.43	60.60	60.52	50.84	56.83	64.27	52.60	42.53
419	52.68	61.06	61.03	51.13	57.35	64.80	53.08	42.51
420	52.93	61.50	61.50	51.44	57.86	65.31	53.56	42.49
421	53.18	61.92	61.95	51.74	58.36	65.79	54.03	42.48
422	53.43	62.31	62.36	52.03	58.85	66.26	54.48	42.46
423	53.68	62.69	62.76	52.32	59.33	66.69	54.93	42.46
424	53.93	63.05	63.13	52.63	59.81	67.12	55.36	42.46
425	54.18	63.39	63.49	52.91	60.26	67.53	55.78	42.46
426	54.43	63.71	63.81	53.19	60.71	67.92	56.19	42.47
427	54.68	64.02	64.12	53.48	61.14	68.30	56.59	42.47
428	54.93	64.32	64.41	53.75	61.57	68.65	56.97	42.49
429	55.17	64.60	64.69	54.03	61.98	69.00	57.35	42.51
430	55.41	64.87	64.94	54.29	62.38	69.33	57.71	42.53
431	55.65	65.13	65.20	54.56	62.78	69.66	58.06	42.56
432	55.89	65.38	65.43	54.81	63.16	69.97	58.39	42.59
433	56.13	65.62	65.65	55.05	63.52	70.26	58.71	42.62
434	56.36	65.84	65.86	55.31	63.89	70.56	59.03	42.66
435	56.58	66.06	66.07	55.54	64.24	70.83	59.33	42.70
436	56.81	66.27	66.25	55.78	64.58	71.11	59.61	42.74
437	57.04	66.48	66.43	56.00	64.91	71.36	59.89	42.79
438	57.25	66.67	66.61	56.24	65.24	71.62	60.16	42.83
439	57.47	66.87	66.78	56.46	65.55	71.85	60.43	42.89
440	57.68	67.04	66.95	56.67	65.85	72.09	60.68	42.94
441	57.89	67.22	67.11	56.88	66.14	72.32	60.92	43.01
442	58.10	67.39	67.26	57.08	66.43	72.54	61.16	43.07
443	58.30	67.56	67.40	57.29	66.72	72.75	61.39	43.13
444	58.50	67.72	67.54	57.48	66.99	72.96	61.60	43.20
445	58.70	67.87	67.67	57.68	67.25	73.16	61.82	43.26
446	58.90	68.03	67.79	57.86	67.51	73.35	62.01	43.34
447	59.08	68.17	67.91	58.04	67.76	73.53	62.21	43.41
448	59.27	68.31	68.02	58.22	68.00	73.71	62.39	43.47
449	59.45	68.45	68.14	58.39	68.24	73.89	62.58	43.55
450	59.63	68.59	68.24	58.55	68.46	74.05	62.75	43.62
451	59.81	68.72	68.35	58.72	68.68	74.22	62.92	43.69
452	59.99	68.82	68.40	58.88	68.89	74.24	63.07	43.77
453	60.16	68.73	68.23	59.04	69.07	73.69	63.23	43.84
454	60.33	68.37	67.74	59.18	69.15	72.74	63.35	43.92
455	60.47	67.82	67.03	59.30	69.09	71.62	63.43	44.00
456	60.58	67.16	66.21	59.37	68.91	70.48	63.43	44.08
457	60.64	66.45	65.34	59.40	68.63	69.38	63.35	44.16
458	60.65	65.72	64.47	59.37	68.28	68.35	63.21	44.24
459	60.62	65.01	63.62	59.30	67.89	67.38	63.00	44.32
460	60.56	64.33	62.80	59.18	67.45	66.48	62.72	44.39
461	60.47	63.66	62.02	59.04	67.00	65.65	62.41	44.47
462	60.34	63.03	61.29	58.86	66.53	64.88	62.07	44.54
463	60.20	62.44	60.59	58.66	66.05	64.16	61.69	44.62
464	60.05	61.88	59.95	58.45	65.57	63.49	61.29	44.69
465	59.88	61.34	59.33	58.23	65.08	62.86	60.88	44.77
466	59.70	60.84	58.78	58.00	64.60	62.26	60.46	44.83
467	59.51	60.37	58.25	57.76	64.13	61.71	60.03	44.90
468	59.32	59.92	57.75	57.52	63.65	61.18	59.60	44.97
469	59.13	59.51	57.28	57.27	63.19	60.68	59.19	45.03
470	58.92	59.11	56.84	57.02	62.72	60.21	58.77	45.08
471	58.72	58.74	56.44	56.78	62.27	59.75	58.36	45.14
472	58.51	58.38	56.05	56.53	61.83	59.32	57.95	45.19
473	58.31	58.04	55.69	56.29	61.39	58.91	57.56	45.24
474	58.10	57.72	55.35	56.04	60.97	58.51	57.18	45.28
475	57.89	57.42	55.03	55.80	60.56	58.14	56.81	45.32
476	57.69	57.13	54.73	55.56	60.15	57.78	56.45	45.36
477	57.48	56.86	54.45	55.33	59.76	57.43	56.09	45.39
478	57.28	56.60	54.18	55.09	59.37	57.09	55.75	45.42
479	57.08	56.34	53.93	54.87	59.00	56.77	55.42	45.44
480	56.88	56.11	53.68	54.65	58.62	56.46	55.10	45.46
481	56.68	55.88	53.45	54.43	58.27	56.16	54.79	45.48
482	56.49	55.67	53.23	54.21	57.92	55.87	54.50	45.49
483	56.30	55.45	53.03	53.99	57.58	55.59	54.21	45.50
484	56.11	55.26	52.83	53.79	57.25	55.32	53.94	45.51
485	55.92	55.06	52.64	53.58	56.93	55.06	53.67	45.51
486	55.74	54.87	52.46	53.38	56.61	54.81	53.42	45.51
487	55.56	54.70	52.29	53.19	56.31	54.56	53.18	45.50
488	55.38	54.52	52.12	52.99	56.01	54.33	52.93	45.50
489	55.20	54.35	51.96	52.80	55.73	54.10	52.71	45.49
490	55.02	54.19	51.81	52.61	55.45	53.88	52.50	45.48
491	54.85	54.03	51.66	52.43	55.18	53.66	52.28	45.47
492	54.68	53.88	51.52	52.26	54.92	53.46	52.08	45.45
493	54.51	53.73	51.39	52.08	54.66	53.26	51.88	45.43
494	54.34	53.59	51.25	51.91	54.41	53.06	51.70	45.41
495	54.17	53.44	51.13	51.74	54.16	52.87	51.52	45.39
496	54.01	53.31	51.00	51.58	53.92	52.69	51.34	45.36
497	53.86	53.18	50.89	51.42	53.69	52.51	51.16	45.34
498	53.70	53.05	50.77	51.27	53.46	52.33	51.00	45.31
499	53.54	52.92	50.66	51.11	53.24	52.16	50.85	45.28
500	53.39	52.80	50.55	50.96	53.03	52.00	50.69	45.25
501	53.24	52.67	50.45	50.81	52.83	51.84	50.55	45.22
502	53.10	52.58	50.38	50.67	52.63	51.83	50.40	45.18
503	52.96	52.70	50.59	50.53	52.46	52.46	50.27	45.15
504	52.82	53.12	51.14	50.40	52.41	53.55	50.17	45.11
505	52.70	53.74	51.93	50.30	52.51	54.81	50.11	45.08
506	52.63	54.48	52.86	50.25	52.74	56.08	50.13	45.04
507	52.60	55.27	53.83	50.26	53.08	57.28	50.24	45.00
508	52.62	56.07	54.81	50.32	53.50	58.41	50.43	44.97
509	52.67	56.86	55.76	50.43	53.96	59.46	50.69	44.93
510	52.77	57.63	56.67	50.58	54.45	60.42	51.00	44.90
511	52.91	58.36	57.54	50.77	54.96	61.31	51.37	44.86
512	53.06	59.05	58.35	50.99	55.49	62.14	51.78	44.82
513	53.25	59.70	59.11	51.22	56.03	62.91	52.20	44.79
514	53.44	60.32	59.81	51.48	56.56	63.62	52.65	44.75
515	53.65	60.90	60.47	51.75	57.10	64.29	53.12	44.72
516	53.87	61.45	61.10	52.02	57.63	64.92	53.59	44.69
517	54.11	61.97	61.68	52.31	58.16	65.51	54.07	44.66
518	54.34	62.46	62.22	52.60	58.69	66.07	54.55	44.64
519	54.58	62.92	62.72	52.89	59.20	66.60	55.03	44.61
520	54.82	63.36	63.20	53.18	59.70	67.10	55.50	44.60
521	55.07	63.76	63.63	53.47	60.20	67.58	55.96	44.58
522	55.32	64.16	64.04	53.75	60.68	68.04	56.41	44.57
523	55.56	64.53	64.43	54.03	61.15	68.47	56.85	44.55
524	55.81	64.88	64.78	54.32	61.62	68.89	57.28	44.55
525	56.05	65.22	65.12	54.60	62.07	69.29	57.69	44.54
526	56.29	65.54	65.44	54.88	62.51	69.67	58.10	44.55
527	56.53	65.84	65.74	55.14	62.94	70.04	58.49	44.55
528	56.77	66.13	66.02	55.41	63.36	70.40	58.87	44.56
529	57.01	66.40	66.29	55.67	63.76	70.74	59.24	44.58
530	57.24	66.67	66.54	55.92	64.16	71.06	59.59	44.59
531	57.48	66.92	66.78	56.18	64.55	71.38	59.94	44.61
532	57.70	67.16	67.00	56.42	64.92	71.69	60.27	44.64
533	57.93	67.39	67.22	56.66	65.29	71.98	60.59	44.67
534	58.15	67.61	67.42	56.90	65.64	72.26	60.90	44.71
535	58.37	67.82	67.62	57.13	65.98	72.54	61.20	44.74
536	58.58	68.02	67.81	57.36	66.32	72.81	61.48	44.78
537	58.80	68.22	67.98	57.57	66.64	73.06	61.75	44.82
538	59.01	68.41	68.15	57.80	66.96	73.30	62.02	44.87
539	59.22	68.59	68.32	58.00	67.27	73.54	62.28	44.92
540	59.43	68.76	68.48	58.21	67.57	73.77	62.53	44.97
541	59.63	68.93	68.63	58.42	67.85	73.99	62.77	45.03
542	59.83	69.10	68.77	58.62	68.13	74.21	63.00	45.08
543	60.03	69.26	68.91	58.81	68.41	74.41	63.22	45.14
544	60.22	69.41	69.04	59.01	68.68	74.62	63.44	45.19
545	60.41	69.56	69.16	59.19	68.93	74.81	63.63	45.26
546	60.59	69.70	69.29	59.37	69.18	75.00	63.83	45.32
547	60.77	69.85	69.40	59.54	69.42	75.18	64.03	45.39
548	60.95	69.98	69.52	59.72	69.66	75.36	64.21	45.45
549	61.13	70.11	69.63	59.89	69.90	75.53	64.38	45.53
550	61.31	70.24	69.73	60.05	70.12	75.69	64.56	45.59
551	61.47	70.37	69.83	60.22	70.34	75.85	64.72	45.66
552	61.64	70.47	69.90	60.37	70.54	75.88	64.87	45.73
553	61.81	70.37	69.73	60.53	70.72	75.35	65.02	45.80
554	61.96	70.02	69.25	60.68	70.80	74.39	65.14	45.87
555	62.09	69.47	68.54	60.79	70.74	73.28	65.22	45.95
556	62.19	68.80	67.72	60.86	70.56	72.13	65.22	46.02
557	62.25	68.09	66.85	60.88	70.28	71.02	65.14	46.08
558	62.26	67.36	65.96	60.85	69.93	69.98	64.98	46.16
559	62.23	66.64	65.11	60.77	69.53	69.01	64.77	46.23
560	62.16	65.95	64.28	60.65	69.10	68.11	64.49	46.30
561	62.06	65.27	63.50	60.50	68.64	67.27	64.18	46.37
562	61.93	64.63	62.76	60.33	68.17	66.49	63.82	46.45
563	61.79	64.03	62.06	60.13	67.68	65.77	63.45	46.52
564	61.62	63.46	61.41	59.91	67.19	65.09	63.05	46.59
565	61.45	62.93	60.81	59.68	66.71	64.46	62.63	46.66
566	61.27	62.42	60.23	59.45	66.21	63.85	62.21	46.72
567	61.07	61.94	59.70	59.21	65.73	63.29	61.78	46.79
568	60.87	61.49	59.20	58.96	65.25	62.75	61.35	46.84
569	60.67	61.07	58.73	58.71	64.78	62.25	60.92	46.90
570	60.47	60.67	58.28	58.45	64.32	61.77	60.50	46.95
571	60.26	60.29	57.88	58.21	63.85	61.31	60.08	47.01
572	60.04	59.92	57.49	57.96	63.41	60.88	59.68	47.06
573	59.83	59.58	57.12	57.71	62.97	60.46	59.28	47.10
574	59.62	59.26	56.78	57.45	62.54	60.06	58.89	47.14
575	59.41	58.95	56.45	57.21	62.12	59.68	58.51	47.17
576	59.21	58.65	56.15	56.97	61.71	59.31	58.15	47.20
577	59.00	58.38	55.86	56.73	61.31	58.96	57.79	47.24
578	58.79	58.11	55.59	56.49	60.92	58.62	57.45	47.26
579	58.58	57.86	55.33	56.26	60.54	58.29	57.12	47.28
580	58.39	57.62	55.08	56.04	60.17	57.98	56.79	47.29
581	58.18	57.38	54.85	55.81	59.80	57.67	56.48	47.31
582	57.99	57.16	54.63	55.59	59.45	57.37	56.18	47.31
583	57.79	56.95	54.42	55.38	59.10	57.10	55.89	47.32
584	57.59	56.74	54.21	55.15	58.77	56.82	55.61	47.31
585	57.40	56.54	54.01	54.95	58.45	56.55	55.34	47.30
586	57.21	56.35	53.83	54.74	58.13	56.30	55.08	47.30
587	57.03	56.16	53.66	54.55	57.82	56.04	54.83	47.29
588	56.84	55.98	53.49	54.35	57.52	55.80	54.59	47.28
589	56.65	55.82	53.33	54.16	57.23	55.57	54.36	47.27
590	56.48	55.65	53.18	53.98	56.94	55.34	54.13	47.25
591	56.30	55.49	53.03	53.80	56.66	55.12	53.92	47.23
592	56.12	55.33	52.88	53.62	56.39	54.91	53.71	47.21
593	55.96	55.18	52.74	53.45	56.13	54.70	53.51	47.18
594	55.79	55.03	52.61	53.28	55.87	54.50	53.32	47.15
595	55.63	54.89	52.48	53.11	55.62	54.30	53.13	47.13
596	55.46	54.75	52.36	52.95	55.38	54.11	52.94	47.10
597	55.31	54.61	52.24	52.79	55.14	53.93	52.77	47.06
598	55.15	54.48	52.12	52.63	54.92	53.75	52.60	47.03
599	54.99	54.35	52.01	52.48	54.69	53.58	52.44	47.00
600	54.84	54.22	51.90	52.32	54.47	53.41	52.28	46.96
601	54.69	54.10	51.79	52.18	54.26	53.25	52.12	46.92
602	54.54	54.01	51.73	52.02	54.06	53.26	51.97	46.88
603	54.39	54.14	51.96	51.88	53.89	53.93	51.84	46.84
604	54.25	54.57	52.53	51.75	53.84	55.04	51.73	46.80
605	54.14	55.20	53.33	51.66	53.95	56.29	51.67	46.76
606	54.07	55.94	54.25	51.60	54.18	57.53	51.69	46.72
607	54.03	56.73	55.22	51.61	54.52	58.73	51.80	46.67
608	54.06	57.53	56.19	51.67	54.93	59.85	51.98	46.63
609	54.12	58.32	57.15	51.78	55.39	60.89	52.24	46.60
610	54.22	59.08	58.05	51.94	55.88	61.85	52.56	46.56
611	54.35	59.80	58.90	52.12	56.39	62.73	52.92	46.51
612	54.51	60.49	59.71	52.34	56.91	63.55	53.31	46.47
613	54.69	61.14	60.46	52.58	57.45	64.31	53.74	46.43
614	54.89	61.75	61.17	52.84	57.98	65.02	54.19	46.39
615	55.10	62.33	61.82	53.10	58.52	65.69	54.65	46.35
616	55.32	62.88	62.44	53.38	59.05	66.31	55.12	46.32
617	55.55	63.39	63.01	53.66	59.56	66.90	55.59	46.29
618	55.78	63.88	63.55	53.95	60.08	67.44	56.06	46.26
619	56.03	64.34	64.05	54.23	60.59	67.97	56.53	46.23
620	56.27	64.77	64.52	54.52	61.10	68.47	56.99	46.21
621	56.51	65.18	64.95	54.81	61.58	68.95	57.44	46.18
622	56.76	65.57	65.36	55.10	62.06	69.40	57.89	46.17
623	57.00	65.94	65.75	55.39	62.53	69.83	58.33	46.16
624	57.24	66.29	66.10	55.66	62.98	70.24	58.76	46.15
625	57.49	66.62	66.43	55.94	63.43	70.64	59.17	46.14
626	57.73	66.94	66.75	56.21	63.87	71.02	59.57	46.14
627	57.97	67.23	67.05	56.47	64.29	71.38	59.96	46.15
628	58.21	67.53	67.32	56.72	64.71	71.73	60.34	46.16
629	58.44	67.80	67.59	56.97	65.11	72.06	60.70	46.17
630	58.67	68.06	67.84	57.22	65.50	72.39	61.05	46.19
631	58.91	68.31	68.07	57.47	65.88	72.71	61.39	46.20
632	59.14	68.55	68.29	57.71	66.25	73.01	61.72	46.22
633	59.36	68.78	68.51	57.95	66.61	73.29	62.03	46.25
634	59.58	68.99	68.71	58.18	66.96	73.57	62.34	46.29
635	59.80	69.20	68.90	58.41	67.30	73.84	62.63	46.32
636	60.01	69.40	69.09	58.63	67.63	74.10	62.91	46.35
637	60.22	69.60	69.26	58.85	67.95	74.36	63.19	46.39
638	60.43	69.78	69.43	59.06	68.27	74.60	63.45	46.44
639	60.63	69.96	69.58	59.27	68.56	74.83	63.70	46.48
640	60.84	70.13	69.74	59.48	68.86	75.05	63.94	46.53
641	61.03	70.30	69.89	59.68	69.14	75.27	64.17	46.58
642	61.23	70.46	70.03	59.88	69.42	75.48	64.40	46.64
643	61.43	70.62	70.16	60.08	69.69	75.68	64.61	46.68
644	61.62	70.76	70.29	60.26	69.95	75.88	64.82	46.74
645	61.80	70.91	70.41	60.45	70.20	76.06	65.01	46.80
646	61.98	71.05	70.53	60.62	70.45	76.25	65.21	46.85
647	62.16	71.19	70.65	60.80	70.69	76.42	65.39	46.92
648	62.34	71.32	70.76	60.96	70.92	76.60	65.57	46.98
649	62.51	71.45	70.86	61.13	71.14	76.76	65.74	47.04
650	62.68	71.58	70.97	61.29	71.36	76.92	65.91	47.11
651	62.85	71.70	71.07	61.45	71.57	77.08	66.07	47.17
652	63.01	71.80	71.14	61.61	71.78	77.11	66.22	47.24
653	63.17	71.71	70.97	61.77	71.95	76.59	66.37	47.31
654	63.33	71.35	70.48	61.91	72.02	75.63	66.49	47.37
655	63.46	70.80	69.78	62.02	71.96	74.52	66.56	47.45
656	63.55	70.14	68.96	62.09	71.78	73.37	66.54	47.51
657	63.61	69.42	68.08	62.10	71.50	72.26	66.46	47.58
658	63.62	68.69	67.20	62.07	71.15	71.21	66.31	47.65
659	63.59	67.97	66.34	61.99	70.75	70.25	66.09	47.72
660	63.52	67.27	65.52	61.87	70.31	69.33	65.82	47.79
661	63.42	66.60	64.74	61.72	69.85	68.49	65.50	47.85
662	63.29	65.96	64.00	61.54	69.38	67.71	65.15	47.92
663	63.14	65.36	63.30	61.34	68.89	66.98	64.76	47.99
664	62.98	64.79	62.65	61.13	68.40	66.30	64.36	48.05
665	62.80	64.25	62.03	60.90	67.91	65.66	63.94	48.12
666	62.61	63.74	61.46	60.66	67.42	65.06	63.51	48.18
667	62.42	63.26	60.93	60.42	66.93	64.49	63.08	48.24
668	62.23	62.81	60.42	60.17	66.45	63.95	62.65	48.29
669	62.02	62.38	59.95	59.91	65.97	63.45	62.22	48.35
670	61.81	61.97	59.51	59.66	65.51	62.97	61.79	48.40
671	61.59	61.59	59.10	59.41	65.05	62.51	61.38	48.45
672	61.39	61.23	58.71	59.16	64.60	62.06	60.97	48.49
673	61.17	60.89	58.34	58.91	64.16	61.64	60.56	48.53
674	60.96	60.56	58.00	58.66	63.72	61.24	60.17	48.56
675	60.74	60.25	57.67	58.41	63.30	60.86	59.79	48.59
676	60.53	59.95	57.36	58.17	62.89	60.48	59.41	48.62
677	60.31	59.67	57.07	57.93	62.48	60.13	59.06	48.64
678	60.11	59.40	56.80	57.69	62.09	59.79	58.71	48.66
679	59.90	59.15	56.53	57.45	61.70	59.46	58.37	48.68
680	59.70	58.90	56.29	57.23	61.33	59.14	58.05	48.69
681	59.50	58.67	56.05	57.00	60.96	58.83	57.73	48.70
682	59.29	58.44	55.83	56.78	60.61	58.53	57.42	48.70
683	59.10	58.23	55.61	56.56	60.27	58.25	57.14	48.70
684	58.90	58.02	55.41	56.36	59.92	57.97	56.85	48.71
685	58.71	57.82	55.22	56.14	59.59	57.69	56.58	48.70
686	58.52	57.63	55.03	55.93	59.27	57.43	56.32	48.69
687	58.33	57.44	54.86	55.73	58.96	57.18	56.06	48.68
688	58.14	57.26	54.69	55.54	58.66	56.94	55.82	48.67
689	57.96	57.09	54.52	55.35	58.37	56.70	55.59	48.65
690	57.78	56.92	54.37	55.16	58.08	56.48	55.36	48.63
691	57.60	56.76	54.22	54.97	57.80	56.26	55.14	48.61
692	57.43	56.60	54.07	54.78	57.53	56.04	54.93	48.58
693	57.26	56.45	53.93	54.61	57.27	55.83	54.73	48.55
694	57.09	56.30	53.80	54.43	57.01	55.63	54.53	48.52
695	56.92	56.15	53.67	54.27	56.76	55.44	54.34	48.50
696	56.75	56.01	53.55	54.10	56.52	55.26	54.15	48.46
697	56.59	55.87	53.43	53.93	56.28	55.07	53.98	48.43
698	56.43	55.74	53.30	53.77	56.05	54.89	53.81	48.39
699	56.27	55.61	53.19	53.61	55.83	54.72	53.64	48.35
700	56.12	55.48	53.08	53.46	55.60	54.55	53.48	48.31
701	55.97	55.35	52.97	53.31	55.38	54.38	53.33	48.28
702	55.82	55.25	52.90	53.16	55.15	54.32	53.18	48.24
703	55.66	55.35	53.07	53.02	54.97	54.88	53.04	48.19
704	55.52	55.72	53.59	52.88	54.90	55.93	52.92	48.15
705	55.39	56.32	54.36	52.77	54.98	57.17	52.86	48.10
706	55.30	57.04	55.27	52.72	55.19	58.43	52.87	48.06
707	55.26	57.83	56.23	52.71	55.51	59.62	52.95	48.01
708	55.27	58.62	57.20	52.76	55.91	60.75	53.13	47.97
709	55.32	59.40	58.14	52.86	56.36	61.79	53.37	47.92
710	55.41	60.16	59.05	53.00	56.84	62.76	53.67	47.87
711	55.53	60.88	59.90	53.19	57.35	63.64	54.03	47.83
712	55.69	61.58	60.71	53.39	57.86	64.46	54.41	47.79
713	55.86	62.23	61.47	53.63	58.39	65.23	54.83	47.74
714	56.05	62.84	62.18	53.88	58.93	65.94	55.27	47.70
715	56.26	63.42	62.83	54.14	59.45	66.60	55.73	47.66
716	56.48	63.96	63.45	54.41	59.98	67.22	56.20	47.63
717	56.70	64.47	64.03	54.69	60.50	67.81	56.67	47.59
718	56.93	64.96	64.56	54.97	61.01	68.36	57.14	47.56
719	57.17	65.42	65.07	55.26	61.52	68.89	57.60	47.52
720	57.40	65.85	65.53	55.54	62.02	69.39	58.07	47.50
721	57.64	66.26	65.97	55.82	62.50	69.86	58.53	47.47
722	57.89	66.65	66.37	56.10	62.98	70.31	58.97	47.46
723	58.13	67.01	66.75	56.38	63.45	70.74	59.40	47.44
724	58.37	67.36	67.11	56.67	63.90	71.16	59.83	47.42
725	58.61	67.69	67.44	56.93	64.35	71.55	60.24	47.42
726	58.85	68.01	67.76	57.21	64.78	71.93	60.64	47.41
727	59.09	68.31	68.05	57.47	65.21	72.30	61.02	47.41
728	59.32	68.60	68.33	57.73	65.62	72.65	61.40	47.41
729	59.55	68.87	68.59	57.98	66.02	72.98	61.76	47.42
730	59.79	69.12	68.84	58.23	66.41	73.30	62.12	47.43
731	60.02	69.37	69.08	58.48	66.79	73.61	62.45	47.44
732	60.24	69.61	69.31	58.73	67.16	73.92	62.78	47.46
733	60.46	69.83	69.51	58.96	67.52	74.20	63.09	47.48
734	60.68	70.05	69.72	59.20	67.87	74.49	63.39	47.50
735	60.90	70.26	69.91	59.42	68.21	74.75	63.68	47.54
736	61.11	70.47	70.09	59.64	68.53	75.01	63.96	47.57
737	61.32	70.65	70.27	59.86	68.85	75.26	64.23	47.60
738	61.53	70.83	70.44	60.06	69.17	75.50	64.49	47.64
739	61.73	71.01	70.60	60.28	69.47	75.73	64.74	47.68
740	61.93	71.19	70.74	60.48	69.76	75.96	64.98	47.73
741	62.13	71.35	70.89	60.68	70.05	76.18	65.22	47.77
742	62.32	71.51	71.03	60.88	70.33	76.39	65.44	47.82
743	62.51	71.67	71.17	61.07	70.59	76.58	65.66	47.87
744	62.69	71.82	71.31	61.26	70.85	76.78	65.86	47.92
745	62.87	71.96	71.43	61.44	71.10	76.97	66.07	47.97
746	63.05	72.10	71.55	61.62	71.34	77.16	66.26	48.03
747	63.23	72.23	71.66	61.80	71.58	77.34	66.44	48.08
748	63.40	72.36	71.77	61.97	71.81	77.51	66.62	48.14
749	63.57	72.49	71.87	62.13	72.03	77.67	66.78	48.20
750	63.74	72.61	71.98	62.30	72.25	77.83	66.95	48.27
751	63.91	72.73	72.08	62.46	72.46	77.98	67.10	48.33
752	64.07	72.83	72.14	62.61	72.66	78.02	67.25	48.39
753	64.22	72.75	71.98	62.76	72.84	77.53	67.39	48.45
754	64.37	72.40	71.50	62.90	72.92	76.59	67.51	48.51
755	64.51	71.86	70.81	63.01	72.87	75.49	67.58	48.57
756	64.60	71.20	69.98	63.08	72.69	74.34	67.57	48.64
757	64.65	70.48	69.10	63.09	72.42	73.23	67.49	48.71
758	64.67	69.76	68.23	63.06	72.07	72.18	67.33	48.77
759	64.63	69.03	67.37	62.98	71.66	71.20	67.11	48.83
760	64.56	68.33	66.54	62.86	71.23	70.29	66.84	48.90
761	64.46	67.65	65.74	62.70	70.77	69.45	66.52	48.96
762	64.33	67.02	65.00	62.53	70.30	68.67	66.16	49.03
763	64.19	66.41	64.30	62.33	69.82	67.93	65.78	49.09
764	64.03	65.83	63.65	62.11	69.33	67.25	65.37	49.15
765	63.85	65.30	63.03	61.88	68.84	66.61	64.95	49.21
766	63.66	64.79	62.46	61.65	68.35	66.01	64.53	49.27
767	63.46	64.30	61.92	61.40	67.86	65.44	64.09	49.33
768	63.26	63.85	61.41	61.15	67.38	64.90	63.65	49.38
769	63.05	63.42	60.94	60.89	66.91	64.39	63.22	49.43
770	62.85	63.02	60.49	60.64	66.43	63.91	62.79	49.48
771	62.63	62.63	60.07	60.38	65.98	63.45	62.37	49.52
772	62.42	62.26	59.67	60.12	65.53	63.01	61.95	49.56
773	62.21	61.92	59.30	59.87	65.08	62.58	61.55	49.60
774	61.99	61.59	58.95	59.62	64.65	62.18	61.16	49.63
775	61.77	61.28	58.63	59.37	64.22	61.79	60.77	49.66
776	61.56	60.98	58.31	59.13	63.81	61.42	60.40	49.69
777	61.35	60.70	58.02	58.88	63.40	61.07	60.04	49.71
778	61.14	60.43	57.74	58.64	63.01	60.72	59.69	49.72
779	60.93	60.17	57.48	58.40	62.62	60.39	59.34	49.74
780	60.73	59.92	57.23	58.17	62.25	60.07	59.02	49.75
781	60.53	59.69	56.98	57.94	61.89	59.76	58.70	49.75
782	60.32	59.46	56.76	57.72	61.53	59.46	58.39	49.75
783	60.12	59.25	56.55	57.50	61.18	59.18	58.10	49.75
784	59.93	59.03	56.34	57.29	60.84	58.90	57.81	49.74
785	59.73	58.83	56.14	57.08	60.51	58.63	57.53	49.74
786	59.53	58.63	55.95	56.87	60.19	58.36	57.27	49.72
787	59.34	58.45	55.77	56.66	59.88	58.11	57.01	49.71
788	59.16	58.26	55.60	56.46	59.58	57.86	56.76	49.69
789	58.97	58.09	55.43	56.26	59.28	57.63	56.52	49.67
790	58.78	57.92	55.27	56.07	58.99	57.40	56.30	49.65
791	58.60	57.75	55.12	55.88	58.71	57.18	56.07	49.62
792	58.43	57.59	54.97	55.69	58.43	56.96	55.86	49.59
793	58.26	57.44	54.82	55.51	58.17	56.75	55.65	49.56
794	58.08	57.29	54.69	55.33	57.91	56.55	55.45	49.53
795	57.91	57.14	54.55	55.16	57.66	56.35	55.26	49.49
796	57.74	56.99	54.42	54.99	57.41	56.16	55.07	49.46
797	57.57	56.85	54.29	54.82	57.17	55.97	54.89	49.42
798	57.41	56.72	54.17	54.65	56.94	55.78	54.72	49.38
799	57.25	56.58	54.06	54.50	56.71	55.60	54.55	49.35
800	57.09	56.45	53.94	54.33	56.49	55.44	54.39	49.31
801	56.93	56.32	53.83	54.18	56.28	55.27	54.23	49.26
802	56.78	56.22	53.76	54.03	56.07	55.25	54.08	49.22
803	56.63	56.34	53.96	53.88	55.90	55.88	53.94	49.18
804	56.49	56.74	54.50	53.75	55.84	56.96	53.82	49.13
805	56.36	57.35	55.29	53.64	55.93	58.18	53.76	49.08
806	56.28	58.08	56.19	53.58	56.15	59.43	53.78	49.04
807	56.24	58.85	57.16	53.58	56.48	60.63	53.88	48.99
808	56.25	59.64	58.12	53.63	56.88	61.74	54.06	48.94
809	56.30	60.42	59.06	53.73	57.32	62.78	54.31	48.90
810	56.39	61.17	59.96	53.88	57.80	63.73	54.62	48.85
811	56.52	61.89	60.81	54.06	58.31	64.61	54.97	48.81
812	56.67	62.57	61.61	54.27	58.83	65.42	55.37	48.76
813	56.84	63.21	62.36	54.50	59.35	66.18	55.79	48.72
814	57.03	63.82	63.06	54.74	59.88	66.89	56.23	48.67
815	57.23	64.39	63.71	55.01	60.40	67.54	56.68	48.63
816	57.44	64.93	64.31	55.28	60.93	68.16	57.14	48.59
817	57.67	65.44	64.88	55.55	61.44	68.74	57.61	48.55
818	57.89	65.92	65.41	55.83	61.95	69.29	58.08	48.51
819	58.13	66.36	65.90	56.11	62.45	69.81	58.54	48.48
820	58.36	66.79	66.36	56.39	62.95	70.30	59.00	48.45
821	58.60	67.20	66.78	56.67	63.43	70.76	59.43	48.42
822	58.84	67.58	67.19	56.95	63.90	71.21	59.88	48.39
823	59.07	67.94	67.56	57.23	64.36	71.64	60.31	48.38
824	59.30	68.28	67.91	57.50	64.82	72.04	60.73	48.36
825	59.54	68.61	68.24	57.78	65.26	72.43	61.14	48.36
826	59.77	68.92	68.55	58.04	65.69	72.81	61.54	48.34
827	60.00	69.21	68.84	58.30	66.10	73.16	61.92	48.34
828	60.24	69.49	69.11	58.55	66.51	73.50	62.29	48.34
829	60.46	69.75	69.37	58.80	66.91	73.83	62.65	48.35
830	60.68	70.00	69.61	59.05	67.29	74.15	62.99	48.36
831	60.91	70.24	69.84	59.29	67.67	74.46	63.32	48.37
832	61.13	70.48	70.06	59.53	68.03	74.75	63.64	48.38
833	61.35	70.70	70.27	59.76	68.38	75.03	63.95	48.40
834	61.56	70.91	70.47	59.99	68.73	75.30	64.25	48.43
835	61.77	71.11	70.65	60.21	69.06	75.57	64.54	48.46
836	61.98	71.30	70.83	60.43	69.39	75.82	64.82	48.48
837	62.19	71.49	71.00	60.64	69.70	76.06	65.08	48.52
838	62.39	71.67	71.16	60.85	70.01	76.29	65.34	48.55
839	62.59	71.84	71.31	61.05	70.31	76.52	65.59	48.60
840	62.78	72.01	71.46	61.25	70.59	76.75	65.82	48.64
841	62.98	72.16	71.60	61.45	70.87	76.96	66.05	48.68
842	63.17	72.32	71.74	61.64	71.14	77.17	66.27	48.73
843	63.35	72.47	71.87	61.83	71.40	77.36	66.48	48.78
844	63.53	72.61	72.00	62.01	71.66	77.55	66.68	48.83
845	63.71	72.75	72.12	62.19	71.91	77.73	66.89	48.88
846	63.89	72.89	72.23	62.37	72.15	77.91	67.07	48.93
847	64.06	73.02	72.34	62.53	72.38	78.09	67.25	48.99
848	64.23	73.14	72.45	62.70	72.61	78.26	67.42	49.04
849	64.40	73.27	72.55	62.85	72.83	78.42	67.59	49.10
850	64.56	73.39	72.65	63.01	73.04	78.57	67.75	49.16
851	64.73	73.51	72.74	63.18	73.25	78.72	67.91	49.22
852	64.88	73.59	72.81	63.33	73.45	78.75	68.06	49.29
853	65.03	73.50	72.64	63.48	73.62	78.22	68.19	49.35
854	65.18	73.14	72.16	63.62	73.69	77.28	68.31	49.41
855	65.30	72.59	71.44	63.72	73.63	76.16	68.37	49.47
856	65.39	71.92	70.61	63.78	73.45	75.01	68.36	49.54
857	65.44	71.20	69.74	63.79	73.17	73.90	68.28	49.60
858	65.44	70.47	68.85	63.75	72.81	72.85	68.12	49.67
859	65.40	69.74	67.99	63.67	72.41	71.88	67.90	49.73
860	65.33	69.04	67.16	63.54	71.97	70.97	67.61	49.79
861	65.22	68.36	66.38	63.39	71.51	70.13	67.29	49.85
862	65.09	67.72	65.63	63.21	71.03	69.34	66.93	49.92
863	64.94	67.11	64.93	63.00	70.55	68.61	66.54	49.97
864	64.77	66.54	64.28	62.78	70.05	67.93	66.13	50.03
865	64.59	66.00	63.66	62.54	69.56	67.29	65.72	50.09
866	64.39	65.49	63.09	62.30	69.06	66.68	65.28	50.15
867	64.18	65.00	62.55	62.05	68.57	66.11	64.85	50.20
868	63.98	64.54	62.04	61.80	68.08	65.58	64.41	50.25
869	63.77	64.11	61.57	61.55	67.60	65.07	63.98	50.30
870	63.55	63.71	61.12	61.30	67.13	64.58	63.55	50.34
871	63.34	63.32	60.71	61.03	66.67	64.12	63.13	50.38
872	63.12	62.95	60.31	60.78	66.21	63.67	62.71	50.43
873	62.90	62.60	59.94	60.52	65.76	63.25	62.31	50.46
874	62.69	62.27	59.59	60.27	65.33	62.84	61.91	50.49
875	62.45	61.95	59.24	60.01	64.89	62.45	61.52	50.51
876	62.20	61.63	58.89	59.74	64.46	62.08	61.12	50.54
877	61.97	61.33	58.56	59.48	64.04	61.72	60.76	50.54
878	61.74	61.05	58.26	59.23	63.65	61.38	60.40	50.56
879	61.52	60.78	57.99	58.98	63.26	61.05	60.05	50.57
880	61.31	60.53	57.72	58.74	62.88	60.72	59.72	50.58
881	61.09	60.28	57.48	58.51	62.51	60.41	59.40	50.58
882	60.88	60.05	57.24	58.27	62.15	60.11	59.09	50.58
883	60.67	59.82	57.01	58.04	61.80	59.83	58.80	50.57
884	60.46	59.61	56.79	57.81	61.46	59.54	58.51	50.57
885	60.26	59.40	56.58	57.59	61.12	59.27	58.23	50.55
886	60.06	59.19	56.38	57.38	60.80	59.02	57.96	50.54
887	59.86	59.00	56.19	57.16	60.48	58.76	57.70	50.53
888	59.66	58.81	56.00	56.95	60.18	58.51	57.44	50.50
889	59.47	58.62	55.83	56.75	59.88	58.28	57.21	50.48
890	59.27	58.44	55.65	56.54	59.59	58.04	56.98	50.46
891	59.08	58.27	55.49	56.35	59.30	57.82	56.75	50.42
892	58.89	58.10	55.33	56.15	59.03	57.60	56.53	50.39
893	58.71	57.94	55.18	55.96	58.76	57.39	56.32	50.36
894	58.53	57.78	55.03	55.77	58.50	57.19	56.12	50.33
895	58.35	57.62	54.89	55.60	58.24	56.99	55.92	50.29
896	58.17	57.47	54.75	55.42	58.00	56.80	55.74	50.25
897	58.00	57.33	54.62	55.24	57.75	56.61	55.56	50.22
898	57.83	57.18	54.49	55.07	57.52	56.43	55.38	50.17
899	57.66	57.04	54.36	54.90	57.28	56.25	55.21	50.13
900	57.49	56.91	54.24	54.73	57.06	56.08	55.05	50.09
901	57.33	56.77	54.12	54.57	56.85	55.91	54.89	50.05
902	57.17	56.66	54.04	54.42	56.64	55.88	54.74	50.00
903	57.01	56.76	54.22	54.26	56.46	56.48	54.59	49.96
904	56.86	57.15	54.74	54.11	56.40	57.55	54.47	49.91
905	56.73	57.74	55.51	54.00	56.48	58.78	54.41	49.86
906	56.64	58.46	56.41	53.93	56.70	60.01	54.42	49.81
907	56.60	59.23	57.35	53.92	57.02	61.20	54.51	49.76
908	56.60	60.01	58.30	53.96	57.41	62.31	54.68	49.71
909	56.65	60.79	59.23	54.05	57.86	63.34	54.92	49.66
910	56.73	61.52	60.13	54.20	58.34	64.29	55.22	49.61
911	56.85	62.23	60.97	54.37	58.83	65.17	55.57	49.56
912	56.99	62.91	61.75	54.56	59.35	65.98	55.96	49.51
913	57.16	63.54	62.49	54.79	59.87	66.74	56.38	49.45
914	57.34	64.15	63.19	55.02	60.40	67.44	56.81	49.41
915	57.54	64.71	63.83	55.28	60.92	68.10	57.27	49.37
916	57.75	65.24	64.44	55.53	61.44	68.71	57.73	49.33
917	57.96	65.75	65.00	55.80	61.95	69.29	58.20	49.29
918	58.18	66.22	65.52	56.07	62.46	69.84	58.65	49.25
919	58.41	66.67	66.01	56.35	62.96	70.36	59.12	49.22
920	58.64	67.09	66.46	56.62	63.45	70.85	59.57	49.18
921	58.87	67.49	66.89	56.89	63.93	71.31	60.02	49.15
922	59.11	67.87	67.28	57.16	64.40	71.76	60.45	49.13
923	59.33	68.22	67.65	57.43	64.86	72.18	60.88	49.11
924	59.56	68.56	67.99	57.69	65.31	72.59	61.31	49.09
925	59.79	68.88	68.32	57.96	65.75	72.98	61.70	49.07
926	60.02	69.19	68.62	58.22	66.18	73.35	62.10	49.06
927	60.25	69.48	68.90	58.47	66.60	73.70	62.48	49.05
928	60.48	69.75	69.18	58.72	67.00	74.05	62.85	49.05
929	60.70	70.02	69.43	58.97	67.40	74.38	63.20	49.05
930	60.92	70.26	69.67	59.21	67.78	74.69	63.54	49.05
931	61.15	70.50	69.90	59.44	68.16	75.00	63.88	49.06
932	61.36	70.73	70.11	59.68	68.52	75.29	64.19	49.08
933	61.57	70.95	70.32	59.91	68.87	75.57	64.50	49.09
934	61.78	71.15	70.51	60.14	69.22	75.85	64.80	49.12
935	61.99	71.36	70.69	60.35	69.55	76.11	65.09	49.14
936	62.19	71.55	70.87	60.57	69.88	76.36	65.36	49.16
937	62.40	71.73	71.03	60.78	70.19	76.61	65.62	49.19
938	62.60	71.91	71.19	60.98	70.50	76.84	65.87	49.23
939	62.80	72.07	71.35	61.17	70.79	77.07	66.11	49.26
940	62.99	72.24	71.49	61.37	71.08	77.29	66.35	49.29
941	63.18	72.40	71.62	61.55	71.35	77.50	66.58	49.34
942	63.36	72.55	71.76	61.74	71.62	77.70	66.79	49.38
943	63.55	72.70	71.89	61.93	71.89	77.90	67.00	49.42
944	63.72	72.85	72.01	62.11	72.14	78.09	67.20	49.47
945	63.90	72.98	72.13	62.28	72.39	78.28	67.39	49.52
946	64.08	73.12	72.24	62.45	72.63	78.46	67.57	49.57
947	64.25	73.24	72.35	62.62	72.86	78.63	67.76	49.62
948	64.41	73.36	72.46	62.78	73.09	78.80	67.92	49.68
949	64.58	73.49	72.56	62.94	73.31	78.96	68.10	49.73
950	64.73	73.60	72.65	63.09	73.52	79.11	68.25	49.79
951	64.89	73.72	72.75	63.24	73.72	79.26	68.40	49.84
952	65.05	73.81	72.80	63.39	73.92	79.26	68.55	49.90
953	65.20	73.69	72.60	63.52	74.09	78.70	68.69	49.97
954	65.34	73.32	72.10	63.66	74.14	77.74	68.81	50.02
955	65.47	72.75	71.38	63.76	74.07	76.61	68.86	50.08
956	65.55	72.08	70.55	63.82	73.88	75.47	68.84	50.14
957	65.59	71.35	69.66	63.82	73.59	74.36	68.76	50.20
958	65.59	70.62	68.79	63.78	73.24	73.31	68.59	50.26
959	65.55	69.90	67.92	63.69	72.84	72.35	68.36	50.32
960	65.47	69.19	67.10	63.56	72.39	71.44	68.08	50.38
961	65.37	68.53	66.31	63.39	71.93	70.60	67.74	50.44
962	65.23	67.89	65.57	63.21	71.46	69.83	67.38	50.50
963	65.08	67.28	64.87	63.00	70.97	69.09	66.99	50.55
964	64.91	66.71	64.21	62.77	70.48	68.41	66.58	50.61
965	64.72	66.16	63.60	62.53	69.99	67.78	66.15	50.67
966	64.53	65.65	63.03	62.29	69.49	67.17	65.72	50.71
967	64.33	65.17	62.49	62.04	69.00	66.60	65.29	50.77
968	64.12	64.71	61.98	61.78	68.52	66.06	64.85	50.82
969	63.91	64.28	61.51	61.53	68.04	65.56	64.41	50.86
970	63.70	63.87	61.07	61.27	67.58	65.08	63.98	50.90
971	63.48	63.49	60.65	61.01	67.11	64.62	63.56	50.94
972	63.26	63.13	60.26	60.75	66.66	64.17	63.15	50.97
973	63.05	62.78	59.89	60.50	66.21	63.75	62.74	51.00
974	62.83	62.45	59.54	60.24	65.78	63.35	62.35	51.03
975	62.61	62.14	59.22	59.99	65.35	62.96	61.96	51.06
976	62.40	61.84	58.91	59.74	64.93	62.58	61.58	51.07
977	62.18	61.55	58.61	59.49	64.54	62.23	61.23	51.09
978	61.97	61.29	58.34	59.26	64.14	61.88	60.87	51.10
979	61.76	61.02	58.07	59.02	63.75	61.55	60.53	51.11
980	61.54	60.77	57.82	58.79	63.37	61.22	60.20	51.11
981	61.34	60.53	57.58	58.55	63.01	60.92	59.88	51.12
982	61.13	60.31	57.35	58.33	62.65	60.61	59.57	51.11
983	60.93	60.09	57.14	58.10	62.31	60.33	59.28	51.10
984	60.73	59.87	56.93	57.88	61.97	60.04	58.99	51.09
985	60.53	59.67	56.73	57.66	61.63	59.77	58.71	51.08
986	60.34	59.47	56.54	57.45	61.31	59.51	58.44	51.07
987	60.14	59.28	56.36	57.25	61.00	59.26	58.19	51.04
988	59.95	59.10	56.18	57.04	60.69	59.01	57.94	51.02
989	59.76	58.92	56.01	56.85	60.39	58.78	57.70	51.00
990	59.57	58.75	55.86	56.65	60.10	58.54	57.47	50.97
991	59.39	58.58	55.70	56.46	59.82	58.32	57.25	50.94
992	59.21	58.42	55.55	56.28	59.54	58.10	57.03	50.91
993	59.03	58.26	55.40	56.09	59.28	57.89	56.82	50.88
994	58.85	58.10	55.27	55.91	59.02	57.68	56.62	50.84
995	58.67	57.95	55.13	55.73	58.77	57.48	56.43	50.80
996	58.51	57.80	55.00	55.56	58.52	57.29	56.24	50.76
997	58.34	57.66	54.87	55.38	58.29	57.10	56.05	50.72
998	58.17	57.52	54.75	55.22	58.05	56.92	55.88	50.67
999	58.01	57.39	54.63	55.05	57.82	56.74	55.70	50.63
1000	57.85	57.25	54.51	54.89	57.59	56.56	55.54	50.59
1001	57.68	57.12	54.40	54.73	57.38	56.39	55.38	50.54
1002	57.53	57.02	54.32	54.58	57.17	56.37	55.23	50.49
1003	57.37	57.12	54.50	54.43	56.99	56.96	55.09	50.44
1004	57.23	57.51	55.03	54.29	56.92	58.02	54.97	50.39
1005	57.10	58.10	55.80	54.18	57.01	59.25	54.90	50.34
1006	57.01	58.82	56.70	54.12	57.22	60.49	54.91	50.29
1007	56.97	59.59	57.66	54.12	57.54	61.66	55.01	50.24
1008	56.98	60.37	58.62	54.16	57.93	62.77	55.18	50.19
1009	57.03	61.15	59.55	54.26	58.37	63.80	55.42	50.14
1010	57.11	61.89	60.45	54.40	58.85	64.75	55.72	50.09
1011	57.23	62.60	61.29	54.58	59.34	65.63	56.07	50.04
1012	57.37	63.28	62.09	54.78	59.85	66.43	56.46	49.99
1013	57.54	63.92	62.83	55.01	60.38	67.18	56.87	49.94
1014	57.73	64.52	63.53	55.25	60.90	67.89	57.31	49.90
1015	57.92	65.09	64.18	55.51	61.42	68.54	57.76	49.86
1016	58.14	65.63	64.79	55.77	61.94	69.16	58.23	49.81
1017	58.35	66.13	65.35	56.04	62.45	69.74	58.69	49.77
1018	58.57	66.60	65.87	56.32	62.95	70.28	59.15	49.73
1019	58.80	67.05	66.36	56.60	63.45	70.79	59.61	49.69
1020	59.03	67.47	66.83	56.88	63.94	71.28	60.06	49.66
1021	59.26	67.87	67.24	57.16	64.42	71.75	60.52	49.63
1022	59.50	68.25	67.65	57.43	64.89	72.18	60.95	49.60
1023	59.73	68.60	68.02	57.70	65.35	72.60	61.38	49.58
1024	59.97	68.95	68.36	57.97	65.79	73.01	61.79	49.56
1025	60.20	69.27	68.69	58.24	66.22	73.39	62.19	49.55
1026	60.42	69.58	68.99	58.50	66.65	73.76	62.59	49.54
1027	60.65	69.86	69.28	58.75	67.06	74.11	62.96	49.53
1028	60.88	70.14	69.54	59.01	67.47	74.46	63.32	49.52
1029	61.11	70.40	69.80	59.26	67.85	74.77	63.66	49.52
1030	61.33	70.65	70.06	59.52	68.23	75.08	64.00	49.52
1031	61.55	70.89	70.29	59.76	68.60	75.38	64.33	49.52
1032	61.77	71.11	70.51	60.00	68.96	75.67	64.64	49.53
1033	61.99	71.33	70.72	60.23	69.31	75.96	64.95	49.54
1034	62.19	71.54	70.92	60.47	69.65	76.22	65.24	49.56
1035	62.40	71.74	71.11	60.70	69.98	76.47	65.52	49.59
1036	62.61	71.93	71.29	60.92	70.30	76.73	65.79	49.61
1037	62.81	72.11	71.47	61.14	70.61	76.97	66.06	49.64
1038	63.00	72.29	71.62	61.35	70.91	77.20	66.31	49.67
1039	63.20	72.46	71.78	61.55	71.21	77.43	66.55	49.70
1040	63.40	72.62	71.93	61.74	71.49	77.64	66.78	49.74
1041	63.59	72.78	72.06	61.94	71.77	77.85	67.00	49.78
1042	63.78	72.93	72.20	62.13	72.04	78.05	67.20	49.82
1043	63.96	73.08	72.33	62.32	72.30	78.25	67.41	49.86
1044	64.14	73.22	72.45	62.50	72.55	78.43	67.61	49.90
1045	64.32	73.36	72.57	62.68	72.79	78.61	67.80	49.96
1046	64.50	73.49	72.68	62.86	73.03	78.79	67.99	50.00
1047	64.67	73.62	72.80	63.03	73.26	78.96	68.16	50.05
1048	64.83	73.75	72.90	63.20	73.48	79.12	68.33	50.10
1049	64.99	73.86	73.01	63.36	73.69	79.27	68.49	50.15
1050	65.15	73.98	73.11	63.52	73.90	79.43	68.65	50.21
1051	65.31	74.09	73.20	63.67	74.10	79.57	68.80	50.26
